5.449978521665448383e-01
4.553457922782424561e-01
4.625837960043807096e-01
4.660587782976748361e-01
4.892305250034785780e-01
4.967210477537741253e-01
5.146956577485755080e-01
5.297779953547320231e-01
4.568501705218065978e-01
4.874666451399018996e-01
4.541064181338391736e-01
5.094479650376884106e-01
5.025718364366033031e-01
5.216670036650307152e-01
4.628526375424530936e-01
4.643339222702642100e-01
4.529708195557395345e-01
4.602951184505053583e-01
4.532335853438786977e-01
4.953393587116550756e-01
4.822569380617894308e-01
5.304861550003620030e-01
4.734902796572499351e-01
4.978112806764694587e-01
4.574788260463126255e-01
4.655274114319016276e-01
4.875172877064212762e-01
4.960720778987417479e-01
5.173342748032807581e-01
5.009337728815772550e-01
5.270920329886259470e-01
5.160645410213302586e-01
4.967533115759614759e-01
5.418353814199933227e-01
4.904558250668399899e-01
4.488053951442075862e-01
5.302009993155941681e-01
4.485302850831122123e-01
4.559706314212733091e-01
4.775335405106132525e-01
4.632450435285332402e-01
4.871522826423855812e-01
5.330904600039053642e-01
5.284328270314853082e-01
5.289272983519185400e-01
4.989986754551088421e-01
5.004197406841055518e-01
5.075084016112029195e-01
4.525904426441750283e-01
4.815472758860985247e-01
5.445702264689555872e-01
5.312742401735845998e-01
4.601011169806348278e-01
4.618526230530747290e-01
4.644989209833264576e-01
4.594956154629866174e-01
5.359981500743025151e-01
4.551153751584857687e-01
4.510191482244808592e-01
4.687089382660235559e-01
4.516731832816224257e-01
5.175755672755131265e-01
4.676337608441614724e-01
5.048761009897543284e-01
4.608135712616601709e-01
5.040379485578453389e-01
5.024086721770624209e-01
5.032498595562944210e-01
4.495865869997585085e-01
4.619109049036659309e-01
4.953617360317215113e-01
4.591283461132680266e-01
4.768794070074212632e-01
5.226833982879329765e-01
4.993527596717542427e-01
5.118615919009801285e-01
6.981876020934008054e-01
6.795573688992702088e-01
4.649066275664383019e-01
4.467637340795301837e-01
3.978512963916071010e-01
3.968836635545177072e-01
6.246100326027977934e-01
3.916506964848549543e-01
4.110258557432119320e-01
4.303379396171088112e-01
4.814488676224563668e-01
3.631479452472185510e-01
3.779234326797655252e-01
3.983434951533820767e-01
3.369429116586553641e-01
2.687166593460215136e-01
2.752617900564588993e-01
3.227592630334583101e-01
3.408320202503513641e-01
1.713694593650378351e-01
2.355918692412090065e-01
2.006958896051585506e-01
2.057545523775489160e-01
1.542706043459966536e-01
7.388883471949800330e-02
1.331234680407717696e-01
9.993856979057329226e-02
1.251694084596444156e-01
5.580781444212731118e-02
1.394746476633268450e-01
6.829855302800372230e-02
9.134264640724990003e-02
2.897277856426131587e-02
9.569769860033959519e-03
3.308693442960330966e-02
9.125894939350059909e-02
3.372848947672234948e-02
4.825261536632621806e-02
5.478524427595869023e-02
1.919306007986831819e-02
2.702684539956499987e-03
5.925339922197216114e-03
1.738625361766195365e-02
7.802070941539426818e-02
1.449492202572197352e-01
7.668458154629770318e-02
6.384764163310993612e-02
6.467577578978231378e-02
2.929234944226887308e-02
2.999796913089847542e-03
2.249800395729999528e-02
1.541101567331113441e-02
5.063287472018153379e-03
3.656084598897391125e-02
5.696491930431890616e-02
3.440013478655669366e-03
5.420012876757264453e-02
8.925662214932883476e-02
3.321808581475053229e-02
1.542702192079568185e-02
5.236007132798797814e-02
1.873000826127942109e-02
1.158635235961279208e-02
7.169062748094309767e-02
2.284801198277107773e-02
3.488991681545039469e-02
2.701785167356373155e-02
3.218723103013496067e-02
1.380048040853834070e-02
5.092245142643497119e-02
1.326384769089657828e-02
5.965398914126360946e-02
1.091646789940818943e-02
4.083825007511709959e-02
4.351673145040337032e-02
4.973069895476670693e-02
4.202399174705896343e-03
3.402814672851464661e-02
3.074731549884024417e-03
7.566436241570764776e-02
2.729986945604209042e-02
6.554883660415223440e-03
5.099727617056407092e-02
2.657504700542371451e-02
3.977577966958419087e-02
8.494236445528557250e-03
6.386526928245885026e-02
5.471504385539407989e-03
5.672561541050447076e-03
2.361449784433686250e-05
2.371497853819738710e-02
2.915569759160814567e-02
8.071761292451073988e-06
2.357459882371719731e-02
5.280889296276806977e-02
2.633869228093215289e-02
2.040656709693731280e-02
2.336675008856362729e-02
4.039299178351797581e-02
5.029068660435444260e-02
3.752086714789784616e-04
2.597924713800026097e-02
6.458536545501335213e-02
1.223622532867926251e-02
3.304775197114273588e-02
4.459825397224435189e-02
4.958396340778421785e-02
3.731737463190720749e-03
5.338017778726730778e-02
4.907439194157336461e-03
3.786987087021118775e-02
2.459858646794212816e-02
5.438254443137553740e-02
1.418426678443164210e-02
1.210538436782736607e-02
3.465240489892296508e-03
8.867146380269565198e-03
4.924822100421263893e-02
1.776064722095319071e-02
3.361874962301288766e-02
4.596120087678270960e-02
1.355906055919286340e-02
2.557914064552059552e-03
9.470624771916069662e-03
3.984246918598631504e-03
5.192773894949342939e-02
1.525383793677705102e-03
2.779409075437569432e-02
1.838252287251809433e-02
1.809647547045247634e-02
1.963314534353714780e-03
3.623803716650356860e-02
2.975566139985330594e-02
1.628024680464690288e-02
3.055041628247896768e-02
3.841826124423117217e-02
2.183826718629275007e-02
4.370501933764224523e-03
4.569018455752762997e-03
1.597506521079461450e-02
1.281912205559424672e-02
6.564023015719228082e-02
4.194480862675810384e-02
2.527377922340569294e-02
1.150161871151870151e-02
6.620191287867316018e-03
2.080525068404103298e-03
2.910744666932255781e-02
4.956527884025679204e-02
5.405115017783367060e-03
1.695957933870479925e-02
1.496197546811667278e-02
2.333687677069058372e-02
4.261434858027680905e-02
5.503957259712594086e-02
2.398568693563953025e-03
1.039414763803306850e-02
4.505642016077169437e-02
1.036872385913598787e-02
6.615841028349667141e-03
2.673155124885251421e-03
5.444288606693871435e-02
1.065591202356354350e-02
1.041548362841013785e-02
3.501060182705212354e-02
5.660202507167340358e-02
5.038895192304347626e-03
5.926190000106568850e-03
7.756228433481792556e-03
4.017271883880838695e-02
5.555156392547212774e-02
2.508856355757494924e-02
1.771327026002104260e-02
2.402442338328762000e-02
5.254187718869576806e-02
2.708855810202298597e-02
4.611764899426955278e-02
1.935969769979895005e-02
1.397364844119362848e-03
2.778251237452688399e-03
4.140766850450573744e-02
7.354692576827664974e-04
6.028448323888044996e-02
6.222381750719340604e-02
6.395384562882799884e-04
5.486532872696921193e-02
2.743923989114632755e-02
2.362494181217492106e-03
2.646338643556624126e-02
4.983699123877644022e-02
4.498052315897507064e-02
1.039067419760632272e-01
2.479908158426502585e-02
6.879715240728279113e-03
1.016732553797253767e-02
1.881743333164466112e-02
7.776028443299061454e-02
2.453574599365967654e-02
3.380430852683702359e-02
3.108377180514892979e-02
5.879042006817877981e-04
2.493021021014215841e-02
1.804746964974932727e-02
3.627407283186160486e-02
4.755609186037791647e-02
2.600162602436786527e-02
1.008534445603711562e-02
2.110664795508509009e-02
3.177636607472827251e-02
1.010586299236466805e-02
2.446868449717051405e-02
5.358112427872648020e-02
4.954873873046945765e-04
2.012412158252977618e-02
2.850321587884163677e-02
1.348965675558599659e-03
1.436825210056578289e-02
4.466897962929271965e-02
2.585249696259466282e-02
1.765610845779677293e-02
3.321957354546772184e-02
2.486137576409033420e-02
4.152848419496414645e-02
1.715541077273763371e-02
2.427859423235957659e-02
2.882140460482260011e-02
3.713146833538151503e-02
1.295773742730838007e-02
9.205074125832634832e-03
4.581370221586878594e-03
3.468127858509151458e-03
2.626917939265991514e-02
3.924771437526974188e-02
3.236182724140045097e-02
5.602505800361890290e-03
5.271701556769534808e-02
2.392110992109892573e-02
3.017979292532251695e-02
3.382978730673877332e-02
2.429384324214978186e-02
9.900534667193872096e-03
6.138619592264150590e-03
1.228878305518099623e-02
2.151128555591816024e-02
1.979044142796100580e-02
2.186231463452729257e-02
3.241215736589259100e-02
4.871776770830807402e-02
3.996021356068192587e-02
2.797884786466311655e-02
8.476826214844458002e-03
1.726195212818689567e-04
2.209061874946138988e-03
1.733092436704756351e-02
2.026746753055658212e-02
2.026929475082716106e-02
3.304560643639922746e-02
3.118443071882097753e-02
2.349707667953190512e-02
2.189264525338846523e-02
3.229682928654264810e-03
3.493751083021360421e-02
4.528763817051805612e-02
4.237461244022031753e-02
2.933456346502368028e-02
1.807926308566529944e-02
2.075687827325349913e-02
4.188452241065745291e-02
9.262957942495398181e-03
2.659574089817933265e-02
2.620380153855306204e-02
5.206847901091746222e-02
3.714358544998204448e-02
1.933615387989041576e-03
2.155410315944868843e-02
4.157788238096616143e-03
3.318860384312823097e-02
4.683913544871359108e-02
4.535414458728697501e-02
1.544168064789497308e-02
4.097822227028190961e-02
2.453194379787652230e-02
5.772535719840350688e-02
2.629166109743696911e-02
3.399361311096570776e-02
7.506674254779245950e-04
5.162361380841387626e-02
4.546706836709140526e-02
3.898364519606047768e-02
5.140536570952948525e-02
5.309748878291901258e-02
4.793633688105737589e-02
1.311861242301893757e-02
3.295234951250830546e-02
4.741865683945761800e-02
3.955096847743930222e-02
4.358113341486861275e-02
2.713878917144398051e-03
2.044621551693153252e-02
5.319539303696777660e-02
2.967117342491375903e-02
1.600889136278287397e-02
3.487535135427299524e-03
1.610825338489273520e-02
1.066267660363201530e-02
2.997110978607944384e-02
5.541356345021846569e-02
3.083232513119060249e-03
5.310131592633084152e-02
2.793687174122483352e-02
3.312504352814635289e-02
1.522331188351672138e-02
6.637494141300281231e-03
6.058222468098795055e-02
3.508023136380473972e-02
3.803033982009366987e-02
5.167054946212490223e-03
2.759146110427376092e-02
7.238555474365160683e-03
2.811666189881845135e-02
1.914172474411628480e-02
2.139742037582185313e-02
2.627901856072841977e-02
4.471712725091924606e-02
2.670188894760220505e-02
1.404164018512853510e-02
4.706271831503749253e-02
4.396216208456500685e-02
2.924896594802236724e-02
9.163497541618414663e-03
5.043915822722488951e-02
5.529527700960507053e-02
1.189159515866400341e-02
9.551990068838556169e-03
7.932281879288738402e-04
1.969234158206669555e-02
3.841542242891006487e-02
8.855083784945084330e-03
4.324334164929933416e-03
3.328253082574483476e-03
1.484828621001498331e-02
1.636703071885911229e-02
5.290412558048065983e-02
4.098212377163568121e-02
3.449267610414496511e-03
2.760210089320074348e-02
6.831047696543990702e-03
4.755835723043275870e-02
2.920868072228887530e-02
2.431481898467783426e-02
