4.999999999999988898e-01
5.030021293941839833e-01
5.066664355186851765e-01
5.011687011005159231e-01
4.949577079203700825e-01
4.928978418259304384e-01
4.894561270837493039e-01
4.897893974199409861e-01
4.859339815909826665e-01
4.821267900605659129e-01
4.781692605228878845e-01
4.727164560457359777e-01
4.720918453429815420e-01
4.663826412983039793e-01
4.655578523534356084e-01
4.595104065224935308e-01
4.509482606881112243e-01
4.413579905262011716e-01
4.379121437109156911e-01
4.269213030324079394e-01
4.244399851967805004e-01
4.124644562387365099e-01
4.039231904807394358e-01
3.885082953231889791e-01
3.755827730690808330e-01
3.550708156293710394e-01
3.506872184043630103e-01
3.287030122147027722e-01
3.165749390290732990e-01
2.902677659412414846e-01
2.714355735534571545e-01
2.388862141747400969e-01
2.225836124314184428e-01
1.859986677944208688e-01
1.735489704247622500e-01
1.285001439146604696e-01
5.289093481008533271e-02
4.763426555248617689e-02
2.001417667591004479e-01
6.451497798047288734e-01
1.845418625334094287e-01
2.605103171137765905e-01
4.104804694228914030e-03
1.892104749182850210e-01
1.579158574821840633e-01
2.254873389335165790e-01
1.546570569796735795e-01
9.205550711719967527e-02
4.614496906540015431e-01
1.110125096771418240e-01
4.104804694228914030e-03
2.867152676570894343e-03
1.297525218912909395e-05
3.518990057504667313e-03
1.142668619606346248e-02
2.815166297335247592e-04
2.026941485202549131e-04
1.783310120299086421e-03
7.996293480490246353e-03
7.059842901837587448e-04
2.101387089380346573e-03
7.145184368800849839e-04
8.166933758142480571e-04
2.903697649558889538e-04
2.436746736222294984e-03
1.520596414451569345e-04
1.137114645148873393e-04
5.270318667927043066e-04
8.701443015246557167e-05
5.230430613908376714e-04
5.298997521407944333e-05
1.823065109353150248e-04
5.606419051440436618e-05
1.558110981961791097e-04
3.779176853990762197e-05
2.046824018649973098e-04
2.397680621557540803e-05
7.570372003129488547e-05
1.982298160208006976e-05
1.423696934408358317e-04
1.352248920216680972e-05
3.877359504422805969e-05
1.439064846608939519e-05
8.067335863670699325e-05
5.264244769764836462e-06
1.399012906544427892e-05
4.690080374392113782e-05
3.233299452731763779e-06
1.193441979441267620e-05
4.840673430095421281e-05
2.833385409961586276e-06
8.788666685077828333e-06
3.632041471335334393e-05
2.811939018410036795e-06
7.361723042387247062e-06
2.718079097796533006e-06
1.611696325110045791e-05
1.235339644578559160e-06
2.349256500555618743e-06
4.096351002624842863e-06
9.764690994673586033e-07
9.764690994673586033e-07
2.226370524394116757e-05
5.688332412967511686e-05
3.493110652952324813e-07
4.789783622645149563e-04
2.866965002703558696e-04
9.319928450557402044e-05
2.133938446099437058e-04
2.605957451473628339e-05
3.575105551711921237e-05
1.451978315236690520e-05
2.873248230927938351e-05
9.876278482590095109e-06
7.045097398672428568e-05
5.107356445210875506e-06
1.376262632857283563e-05
3.465618926168367864e-06
2.504854921525634381e-05
2.608214212274084787e-06
1.381922382748257405e-06
1.628347872395519147e-05
5.714572767212544591e-07
1.741530010868075351e-06
2.075564026204901324e-07
6.853082681557154388e-06
9.044231797927793082e-07
1.820706237221081381e-06
3.646090970255144725e-07
3.539336319802188768e-06
5.655823389627556708e-07
1.111211928028765783e-06
1.735192229901372230e-07
1.199354627390292194e-06
1.905929121193139508e-07
9.851863147503081564e-07
9.272315881769799262e-08
1.249249751422709664e-07
4.812852256730337785e-07
2.385640807123223794e-08
1.372910416463923866e-07
4.079068638418448245e-09
1.158672735535049014e-08
3.262916101753887688e-07
3.761676148350545645e-08
1.089196688397464641e-08
7.436402108540463018e-07
6.466883661904176961e-08
2.685207116659427129e-07
4.969471723015317366e-08
9.186497906821244896e-08
4.133582831578053174e-08
4.079068638418448245e-09
2.438789346785286138e-02
1.377874295198644461e-03
2.013682913160064203e-04
3.944440240688518173e-05
1.795199848622164307e-02
6.329143579502316541e-03
1.054232482269257254e-02
2.061726539766550736e-03
4.703900817411343915e-03
5.775925442627061202e-04
1.999101732498620443e-03
4.762224052352603820e-04
1.567378731362367716e-03
1.464930796545305114e-04
5.392214251168647721e-04
1.789561976835996049e-04
3.318913430743197779e-04
7.277251307291621174e-05
3.099704409714743036e-04
5.727673763344931501e-05
3.130231376331504833e-04
4.242547459265555432e-05
1.413976257281790438e-04
2.472690076094075096e-05
1.200480661193159548e-04
1.703774965411408715e-05
7.057243253538736383e-05
1.351130874949202365e-05
5.627297723154178755e-05
8.707297764698473941e-06
4.254080707699614550e-05
8.461650989111113574e-06
3.362143621121749248e-05
5.137214127093336913e-06
2.476241239779408687e-05
4.216996029593467199e-06
1.631944771807170014e-05
1.644836762793033813e-06
1.207961190252682115e-05
2.930278580337564165e-06
9.675788413487929063e-06
1.583393812398803391e-06
8.210565709987349692e-06
1.279684306521033932e-06
5.389107114561753065e-06
9.131164843134698117e-07
3.210950335952311718e-06
4.985170134474969927e-07
2.996782734743241861e-06
4.869355159087263019e-07
4.079068638418448245e-09
1.420058397755274981e-04
1.735952433356002800e-04
2.566886733990081382e-05
2.948365992483381604e-05
5.461200638978702671e-05
2.686657478148113398e-04
4.367861631027203373e-05
1.126796350446879202e-04
1.718432051078799816e-05
8.951845429994165215e-05
1.292966971866427173e-05
8.064449510192250870e-05
1.407594707336645712e-05
3.472460651543496368e-05
7.668844886898895652e-06
3.007367621310486072e-05
5.475121460096765702e-06
3.359691772075734661e-05
3.847591397487803988e-06
1.874824325331925223e-05
4.450904640962427550e-06
1.338923313443096674e-05
2.344906588125361679e-06
1.031422969866024886e-05
1.687391858240516740e-06
8.657650197863020480e-06
1.351283498651767445e-06
7.240617890702516490e-06
1.186376515471820881e-06
4.461614331763286145e-06
7.193431011964790400e-07
3.209899642420133148e-06
5.176889997793310272e-07
2.594677219303065385e-06
4.127591632929750176e-07
2.270119955016802749e-06
3.629794341764025489e-07
1.336260354256602056e-06
2.231340672231851840e-07
1.015293889405910477e-06
1.565550159510209483e-07
7.628593658992599558e-07
1.283327237810993893e-07
7.256985807835292235e-07
1.087586594117340155e-07
3.894348439281714036e-07
7.117815636892288467e-08
3.308840103022347989e-07
4.563667765911105789e-08
